-90.451	19.96
-90.451	19.96
-90.451	19.96
-90.451	19.96
-90.452	19.96
-90.452	19.96
-90.452	19.96
-90.452	19.96
-90.452	19.961
-90.452	19.961
-90.453	19.961
-90.453	19.961
-90.453	19.962
-90.453	19.962
-90.454	19.962
-90.454	19.963
-90.454	19.963
-90.454	19.963
-90.454	19.964
-90.454	19.964
-90.454	19.964
-90.454	19.964
-90.454	19.965
-90.455	19.965
-90.455	19.965
-90.455	19.965
-90.454	19.966
-90.454	19.966
-90.454	19.966
-90.454	19.967
-90.454	19.967
-90.454	19.967
-90.454	19.967
-90.454	19.968
-90.454	19.968
-90.454	19.968
-90.453	19.969
-90.453	19.969
-90.453	19.969
-90.453	19.969
-90.452	19.969
-90.452	19.969
-90.452	19.969
-90.452	19.97
-90.452	19.97
-90.452	19.97
-90.452	19.971
-90.452	19.971
-90.452	19.971
-90.452	19.971
-90.453	19.971
-90.453	19.971
-90.453	19.972
-90.453	19.972
-90.453	19.972
-90.453	19.973
-90.452	19.973
-90.452	19.973
-90.452	19.973
-90.452	19.973
-90.452	19.973
-90.452	19.973
-90.452	19.974
-90.452	19.974
-90.452	19.974
-90.452	19.975
-90.451	19.975
-90.451	19.975
-90.452	19.975
-90.452	19.975
-90.452	19.975
-90.452	19.975
-90.453	19.975
-90.453	19.975
-90.453	19.975
-90.454	19.975
-90.454	19.975
-90.454	19.974
-90.455	19.975
-90.455	19.975
-90.455	19.975
-90.456	19.975
-90.456	19.975
-90.457	19.974
-90.457	19.974
-90.458	19.974
-90.459	19.974
-90.46	19.974
-90.46	19.975
-90.46	19.975
-90.46	19.975
-90.461	19.974
-90.46	19.974
-90.46	19.974
-90.46	19.974
-90.461	19.973
-90.461	19.973
-90.461	19.973
-90.461	19.974
-90.462	19.974
-90.462	19.974
-90.462	19.974
-90.462	19.975
-90.463	19.975
-90.463	19.975
-90.463	19.976
-90.463	19.976
-90.463	19.976
-90.463	19.976
-90.463	19.976
-90.463	19.977
-90.463	19.977
-90.464	19.977
-90.464	19.978
-90.464	19.978
-90.464	19.978
-90.464	19.979
-90.464	19.979
-90.465	19.979
-90.465	19.979
-90.465	19.98
-90.466	19.98
-90.466	19.98
-90.466	19.98
-90.466	19.98
-90.467	19.981
-90.467	19.981
-90.467	19.981
-90.467	19.982
-90.466	19.982
-90.466	19.982
-90.466	19.982
-90.465	19.981
-90.465	19.982
-90.466	19.982
-90.466	19.982
-90.466	19.982
-90.467	19.982
-90.467	19.982
-90.467	19.983
-90.468	19.983
-90.468	19.983
-90.468	19.983
-90.468	19.984
-90.469	19.984
-90.469	19.985
-90.469	19.985
-90.469	19.985
-90.469	19.985
-90.468	19.986
-90.468	19.986
-90.468	19.986
-90.468	19.986
-90.467	19.986
-90.467	19.986
-90.467	19.987
-90.467	19.987
-90.466	19.987
-90.466	19.987
-90.466	19.987
-90.465	19.988
-90.465	19.988
-90.464	19.988
-90.464	19.988
-90.465	19.988
-90.465	19.988
-90.465	19.988
-90.466	19.988
-90.466	19.988
-90.466	19.988
-90.466	19.987
-90.467	19.987
-90.467	19.987
-90.467	19.987
-90.467	19.987
-90.468	19.987
-90.468	19.986
-90.468	19.986
-90.469	19.986
-90.469	19.986
-90.469	19.985
-90.469	19.985
-90.469	19.985
-90.469	19.985
-90.47	19.984
-90.47	19.985
-90.47	19.985
-90.47	19.985
-90.47	19.985
-90.47	19.986
-90.471	19.986
-90.47	19.986
-90.47	19.986
-90.47	19.987
-90.47	19.987
-90.47	19.987
-90.47	19.988
-90.47	19.988
-90.47	19.988
-90.47	19.988
-90.47	19.989
-90.47	19.989
-90.47	19.989
-90.47	19.989
-90.47	19.99
-90.47	19.99
-90.47	19.99
-90.47	19.991
-90.47	19.991
-90.47	19.991
-90.47	19.991
-90.47	19.992
-90.47	19.992
-90.471	19.991
-90.471	19.992
-90.471	19.992
-90.471	19.992
-90.471	19.992
-90.471	19.992
-90.472	19.993
-90.472	19.993
-90.472	19.993
-90.473	19.994
-90.473	19.994
-90.473	19.994
-90.473	19.995
-90.473	19.995
-90.473	19.995
-90.473	19.995
-90.472	19.995
-90.472	19.995
-90.472	19.995
-90.471	19.995
-90.471	19.995
-90.47	19.996
-90.47	19.996
-90.47	19.996
-90.469	19.996
-90.469	19.996
-90.468	19.997
-90.468	19.997
-90.468	19.997
-90.467	19.997
-90.467	19.997
-90.466	19.998
-90.466	19.998
-90.466	19.998
-90.465	19.998
-90.465	19.998
-90.465	19.999
-90.465	19.999
-90.464	19.999
-90.464	19.999
-90.464	19.999
-90.464	20
-90.464	20
-90.463	20
-90.463	20
-90.463	20.001
-90.463	20.001
-90.463	20.001
-90.462	20.002
-90.462	20.002
-90.462	20.002
-90.462	20.003
-90.461	20.003
-90.461	20.002
-90.461	20.002
-90.461	20.002
-90.461	20.002
-90.461	20.003
-90.461	20.003
-90.461	20.003
-90.462	20.003
-90.462	20.003
-90.462	20.003
-90.462	20.004
-90.462	20.004
-90.463	20.004
-90.463	20.004
-90.463	20.004
-90.463	20.005
-90.462	20.005
-90.462	20.006
-90.462	20.006
-90.462	20.006
-90.462	20.006
-90.463	20.007
-90.463	20.007
-90.463	20.007
-90.463	20.007
-90.463	20.008
-90.463	20.008
-90.463	20.008
-90.463	20.008
-90.463	20.009
-90.463	20.009
-90.463	20.009
-90.463	20.009
-90.463	20.01
-90.463	20.01
-90.463	20.01
-90.463	20.01
-90.463	20.01
-90.463	20.011
-90.463	20.011
-90.463	20.011
-90.463	20.011
-90.463	20.011
-90.463	20.012
-90.463	20.012
-90.463	20.012
-90.463	20.012
-90.463	20.012
-90.463	20.013
-90.463	20.013
-90.463	20.013
-90.463	20.013
-90.463	20.014
-90.463	20.014
-90.463	20.014
-90.462	20.014
-90.463	20.014
-90.463	20.014
-90.463	20.014
-90.463	20.014
-90.464	20.015
-90.465	20.015
-90.465	20.015
-90.465	20.015
-90.465	20.015
-90.465	20.015
-90.466	20.015
-90.466	20.016
-90.466	20.016
-90.466	20.016
-90.466	20.016
-90.466	20.016
-90.466	20.016
-90.466	20.017
-90.467	20.017
-90.467	20.017
-90.467	20.017
-90.467	20.017
-90.467	20.017
-90.467	20.018
-90.467	20.018
-90.467	20.018
-90.468	20.019
-90.468	20.019
-90.468	20.019
-90.468	20.019
-90.468	20.02
-90.468	20.02
-90.469	20.02
-90.469	20.02
-90.469	20.021
-90.469	20.021
-90.469	20.021
-90.468	20.021
-90.468	20.021
-90.468	20.021
-90.468	20.021
-90.467	20.021
-90.467	20.022
-90.467	20.022
-90.467	20.022
-90.468	20.022
-90.468	20.022
-90.469	20.022
-90.469	20.022
-90.469	20.022
-90.469	20.022
-90.47	20.022
-90.47	20.022
-90.47	20.023
-90.47	20.023
-90.471	20.023
-90.471	20.024
-90.471	20.024
-90.471	20.024
-90.471	20.025
-90.471	20.025
-90.472	20.025
-90.472	20.026
-90.472	20.026
-90.473	20.026
-90.473	20.026
-90.473	20.026
-90.474	20.026
-90.474	20.027
-90.474	20.027
-90.474	20.027
-90.474	20.027
-90.474	20.027
-90.474	20.028
-90.474	20.028
-90.474	20.028
-90.474	20.028
-90.475	20.028
-90.475	20.028
-90.475	20.029
-90.475	20.029
-90.476	20.029
-90.476	20.029
-90.476	20.029
-90.476	20.03
-90.476	20.03
-90.476	20.03
-90.476	20.031
-90.476	20.031
-90.476	20.03
-90.476	20.03
-90.477	20.03
-90.477	20.03
-90.477	20.03
-90.477	20.03
-90.478	20.03
-90.478	20.03
-90.478	20.03
-90.478	20.03
-90.478	20.031
-90.478	20.031
-90.478	20.032
-90.478	20.032
-90.479	20.032
-90.479	20.033
-90.479	20.033
-90.479	20.033
-90.479	20.033
-90.479	20.034
-90.479	20.034
-90.479	20.034
-90.479	20.035
-90.479	20.035
-90.479	20.035
-90.479	20.035
-90.479	20.035
-90.479	20.036
-90.479	20.036
-90.479	20.036
-90.479	20.037
-90.479	20.037
-90.479	20.037
-90.479	20.038
-90.479	20.038
-90.479	20.039
-90.479	20.039
-90.479	20.039
-90.479	20.04
-90.479	20.04
-90.479	20.04
-90.48	20.041
-90.48	20.041
-90.48	20.041
-90.479	20.041
-90.479	20.042
-90.478	20.042
-90.479	20.042
-90.479	20.042
-90.48	20.041
-90.48	20.041
-90.48	20.041
-90.481	20.042
-90.481	20.042
-90.481	20.042
-90.481	20.042
-90.481	20.043
-90.481	20.043
-90.481	20.043
-90.482	20.043
-90.482	20.044
-90.482	20.044
-90.482	20.044
-90.483	20.044
-90.483	20.045
-90.483	20.045
-90.483	20.045
-90.483	20.045
-90.483	20.045
-90.483	20.046
-90.484	20.046
-90.484	20.046
-90.484	20.047
-90.484	20.047
-90.484	20.047
-90.484	20.048
-90.485	20.048
-90.485	20.048
-90.485	20.048
-90.485	20.049
-90.485	20.049
-90.485	20.049
-90.484	20.048
-90.484	20.048
-90.484	20.049
-90.484	20.049
-90.484	20.049
-90.484	20.049
-90.485	20.049
-90.485	20.05
-90.485	20.05
-90.485	20.051
-90.485	20.051
-90.485	20.051
-90.485	20.052
-90.485	20.052
-90.485	20.051
-90.485	20.051
-90.486	20.051
-90.486	20.051
-90.486	20.051
-90.486	20.051
-90.486	20.051
-90.486	20.051
-90.486	20.052
-90.487	20.052
-90.487	20.053
-90.487	20.053
-90.487	20.053
-90.487	20.053
-90.487	20.054
-90.488	20.054
-90.488	20.054
-90.488	20.054
-90.488	20.055
-90.488	20.055
-90.488	20.055
-90.488	20.055
-90.488	20.055
-90.488	20.056
-90.489	20.056
-90.489	20.056
-90.489	20.057
-90.489	20.057
-90.489	20.057
-90.489	20.057
-90.489	20.057
-90.489	20.057
-90.49	20.058
-90.49	20.058
-90.49	20.059
-90.49	20.059
-90.49	20.059
-90.49	20.06
-90.49	20.06
-90.49	20.06
-90.49	20.06
-90.49	20.06
-90.491	20.06
-90.491	20.061
-90.491	20.061
-90.491	20.062
-90.491	20.062
-90.491	20.062
-90.491	20.063
-90.49	20.063
-90.49	20.063
-90.49	20.063
-90.49	20.064
-90.489	20.064
-90.489	20.064
-90.489	20.065
-90.489	20.065
-90.489	20.065
-90.489	20.066
-90.489	20.066
-90.488	20.066
-90.488	20.067
-90.488	20.067
-90.487	20.067
-90.487	20.067
-90.487	20.067
-90.487	20.068
-90.486	20.068
-90.486	20.069
-90.486	20.069
-90.486	20.069
-90.486	20.069
-90.486	20.069
-90.486	20.069
-90.486	20.069
-90.486	20.07
-90.486	20.07
-90.486	20.07
-90.486	20.07
-90.486	20.071
-90.486	20.071
-90.486	20.071
-90.486	20.071
-90.486	20.071
-90.486	20.072
-90.486	20.072
-90.486	20.072
-90.486	20.072
-90.486	20.073
-90.486	20.073
-90.486	20.073
-90.486	20.074
-90.486	20.074
-90.486	20.074
-90.486	20.075
-90.486	20.075
-90.486	20.076
-90.486	20.076
-90.486	20.076
-90.486	20.076
-90.486	20.077
-90.486	20.077
-90.485	20.077
-90.485	20.079
-90.485	20.079
-90.486	20.08
-90.486	20.08
-90.486	20.081
-90.486	20.081
-90.486	20.082
-90.486	20.082
-90.486	20.082
-90.486	20.083
-90.486	20.083
-90.486	20.083
-90.485	20.083
-90.485	20.083
-90.485	20.082
-90.485	20.082
-90.485	20.082
-90.484	20.081
-90.484	20.081
-90.483	20.081
-90.483	20.081
-90.483	20.081
-90.482	20.081
-90.482	20.081
-90.482	20.081
-90.483	20.081
-90.483	20.081
-90.483	20.082
-90.484	20.082
-90.484	20.082
-90.484	20.082
-90.484	20.083
-90.484	20.083
-90.484	20.083
-90.485	20.083
-90.485	20.083
-90.485	20.084
-90.485	20.084
-90.486	20.084
-90.486	20.083
-90.486	20.083
-90.486	20.083
-90.487	20.084
-90.486	20.084
-90.486	20.084
-90.486	20.085
-90.486	20.085
-90.487	20.085
-90.487	20.085
-90.487	20.086
-90.486	20.086
-90.486	20.086
-90.486	20.087
-90.487	20.087
-90.487	20.087
-90.487	20.087
-90.486	20.087
-90.487	20.088
-90.486	20.088
-90.486	20.088
-90.486	20.088
-90.486	20.089
-90.486	20.089
-90.485	20.09
-90.485	20.09
-90.485	20.091
-90.485	20.091
-90.485	20.091
-90.485	20.092
-90.485	20.092
-90.484	20.093
-90.484	20.093
-90.484	20.093
-90.483	20.093
-90.483	20.094
-90.482	20.094
-90.482	20.094
-90.482	20.094
-90.481	20.094
-90.481	20.094
-90.481	20.094
-90.481	20.095
-90.481	20.095
-90.481	20.095
-90.48	20.095
-90.48	20.096
-90.48	20.099
-90.48	20.099
-90.481	20.099
-90.481	20.099
-90.481	20.1
-90.481	20.1
-90.481	20.1
-90.48	20.1
-90.48	20.101
-90.48	20.101
-90.48	20.101
-90.48	20.101
-90.48	20.102
-90.48	20.102
-90.48	20.102
-90.479	20.103
-90.479	20.103
-90.479	20.103
-90.479	20.104
-90.479	20.105
-90.479	20.105
-90.479	20.106
-90.479	20.106
-90.48	20.106
-90.48	20.106
-90.48	20.107
-90.481	20.107
-90.48	20.107
-90.48	20.108
-90.48	20.108
-90.479	20.108
-90.479	20.109
-90.479	20.109
-90.479	20.11
-90.479	20.11
-90.479	20.11
-90.478	20.11
-90.478	20.11
-90.478	20.11
-90.477	20.11
-90.477	20.11
-90.477	20.11
-90.478	20.11
-90.478	20.11
-90.479	20.11
-90.479	20.11
-90.479	20.111
-90.479	20.111
-90.479	20.111
-90.479	20.111
-90.479	20.112
-90.479	20.112
-90.479	20.113
-90.479	20.113
-90.479	20.113
-90.479	20.114
-90.48	20.114
-90.48	20.114
-90.48	20.115
-90.48	20.115
-90.48	20.116
-90.481	20.116
-90.481	20.117
-90.481	20.117
-90.481	20.118
-90.481	20.118
-90.481	20.119
-90.481	20.119
-90.481	20.119
-90.481	20.12
-90.481	20.12
-90.481	20.121
-90.481	20.121
-90.481	20.121
-90.481	20.122
-90.481	20.122
-90.482	20.123
-90.482	20.123
-90.482	20.123
-90.482	20.124
-90.482	20.124
-90.482	20.124
-90.482	20.124
-90.482	20.125
-90.482	20.125
-90.482	20.125
-90.482	20.126
-90.482	20.126
-90.482	20.126
-90.482	20.126
-90.482	20.127
-90.482	20.127
-90.483	20.128
-90.483	20.128
-90.483	20.128
-90.483	20.128
-90.483	20.129
-90.484	20.129
-90.484	20.13
-90.484	20.13
-90.485	20.13
-90.485	20.131
-90.485	20.131
-90.485	20.131
-90.485	20.132
-90.485	20.133
-90.486	20.133
-90.486	20.133
-90.486	20.134
-90.486	20.134
-90.487	20.134
-90.487	20.135
-90.487	20.135
-90.488	20.136
-90.488	20.136
-90.488	20.137
-90.488	20.137
-90.488	20.137
-90.488	20.138
-90.488	20.138
-90.488	20.138
-90.489	20.139
-90.489	20.139
-90.489	20.14
-90.488	20.14
-90.489	20.141
-90.489	20.142
-90.489	20.142
-90.489	20.143
-90.489	20.143
-90.489	20.143
-90.489	20.143
-90.49	20.143
-90.49	20.144
-90.49	20.144
-90.491	20.145
-90.491	20.145
-90.491	20.145
-90.491	20.146
-90.491	20.146
-90.491	20.147
-90.491	20.147
-90.491	20.147
-90.491	20.148
-90.491	20.148
-90.492	20.148
-90.492	20.148
-90.492	20.149
-90.492	20.149
-90.492	20.149
-90.493	20.15
-90.493	20.151
-90.493	20.151
-90.493	20.151
-90.493	20.152
-90.494	20.152
-90.494	20.152
-90.494	20.153
-90.494	20.154
-90.494	20.154
-90.494	20.154
-90.494	20.155
-90.494	20.155
-90.495	20.156
-90.495	20.156
-90.495	20.156
-90.495	20.157
-90.495	20.158
-90.495	20.158
-90.495	20.16
-90.495	20.16
-90.495	20.161
-90.495	20.161
-90.494	20.162
-90.494	20.162
-90.494	20.163
-90.494	20.163
-90.494	20.163
-90.493	20.163
-90.493	20.163
-90.493	20.164
-90.493	20.164
-90.492	20.164
-90.492	20.165
-90.492	20.165
-90.491	20.165
-90.491	20.166
-90.491	20.166
-90.491	20.166
-90.491	20.166
-90.49	20.167
-90.49	20.167
-90.49	20.167
-90.49	20.168
-90.49	20.168
-90.489	20.168
-90.489	20.168
-90.489	20.169
-90.488	20.169
-90.488	20.169
-90.488	20.17
-90.487	20.17
-90.487	20.17
-90.487	20.17
-90.487	20.17
-90.486	20.17
-90.486	20.17
-90.486	20.17
-90.485	20.17
-90.485	20.17
-90.485	20.17
-90.484	20.17
-90.484	20.171
-90.483	20.171
-90.483	20.172
-90.482	20.172
-90.482	20.172
-90.482	20.171
-90.482	20.171
-90.482	20.171
-90.482	20.172
-90.482	20.172
-90.481	20.172
-90.481	20.172
-90.481	20.173
-90.48	20.173
-90.48	20.173
-90.48	20.173
-90.48	20.173
-90.48	20.174
-90.48	20.174
-90.48	20.174
-90.48	20.174
-90.48	20.175
-90.48	20.175
-90.48	20.175
-90.48	20.175
-90.48	20.176
-90.48	20.176
-90.48	20.176
-90.479	20.176
-90.479	20.176
-90.479	20.177
-90.479	20.177
-90.479	20.177
-90.479	20.177
-90.479	20.177
-90.479	20.178
-90.479	20.178
-90.479	20.178
-90.48	20.178
-90.48	20.178
-90.48	20.179
-90.48	20.179
-90.48	20.179
-90.479	20.179
-90.479	20.179
-90.479	20.179
-90.479	20.18
-90.479	20.18
-90.479	20.18
-90.479	20.18
-90.48	20.18
-90.48	20.181
-90.48	20.181
-90.479	20.181
-90.479	20.181
-90.479	20.181
-90.479	20.181
-90.479	20.181
-90.479	20.181
-90.478	20.182
-90.478	20.182
-90.478	20.182
-90.478	20.182
-90.478	20.183
-90.478	20.183
-90.478	20.183
-90.478	20.183
-90.478	20.183
-90.478	20.183
-90.478	20.183
-90.478	20.184
-90.478	20.184
-90.478	20.184
-90.478	20.184
-90.478	20.185
-90.478	20.185
-90.478	20.185
-90.478	20.185
-90.479	20.186
-90.479	20.186
-90.479	20.186
-90.479	20.186
-90.479	20.186
-90.479	20.187
-90.479	20.187
-90.479	20.187
-90.479	20.187
-90.479	20.188
-90.479	20.188
-90.479	20.188
-90.479	20.188
-90.479	20.188
-90.479	20.189
-90.479	20.189
-90.479	20.189
-90.479	20.189
-90.479	20.189
-90.479	20.189
-90.478	20.19
-90.478	20.19
-90.478	20.19
-90.478	20.19
-90.478	20.191
-90.478	20.191
-90.478	20.192
-90.479	20.192
-90.478	20.192
-90.478	20.192
-90.479	20.193
-90.479	20.193
-90.479	20.193
-90.479	20.193
-90.479	20.193
-90.479	20.194
-90.479	20.194
-90.479	20.194
-90.479	20.194
-90.479	20.194
-90.479	20.194
-90.479	20.194
-90.479	20.194
-90.479	20.195
-90.479	20.195
-90.479	20.195
-90.479	20.195
-90.479	20.196
-90.479	20.196
-90.479	20.197
-90.479	20.197
-90.479	20.197
-90.48	20.198
-90.48	20.198
-90.48	20.198
-90.48	20.199
-90.48	20.199
-90.481	20.199
-90.481	20.199
-90.481	20.199
-90.481	20.199
-90.48	20.199
-90.48	20.2
-90.48	20.2
-90.481	20.2
-90.481	20.2
-90.481	20.2
-90.48	20.201
-90.48	20.201
-90.48	20.201
-90.48	20.201
-90.48	20.201
-90.48	20.201
-90.481	20.201
-90.481	20.202
-90.481	20.202
-90.481	20.202
-90.481	20.202
-90.48	20.202
-90.48	20.202
-90.48	20.203
-90.48	20.203
-90.479	20.203
-90.479	20.203
-90.479	20.203
-90.479	20.204
-90.479	20.204
-90.479	20.204
-90.478	20.204
-90.478	20.204
-90.478	20.204
-90.479	20.205
-90.479	20.205
-90.479	20.205
-90.479	20.205
-90.479	20.205
-90.48	20.206
-90.48	20.206
-90.48	20.206
-90.48	20.206
-90.48	20.206
-90.48	20.206
-90.48	20.207
-90.479	20.207
-90.479	20.207
-90.479	20.207
-90.48	20.207
-90.48	20.208
-90.48	20.208
-90.48	20.208
-90.481	20.208
-90.481	20.208
-90.481	20.209
-90.481	20.209
-90.481	20.209
-90.481	20.209
-90.481	20.209
-90.482	20.209
-90.482	20.21
-90.482	20.21
-90.482	20.21
-90.483	20.211
-90.483	20.211
-90.483	20.211
-90.483	20.211
-90.484	20.211
-90.484	20.212
-90.484	20.212
-90.485	20.212
-90.485	20.212
-90.485	20.212
-90.485	20.213
-90.485	20.213
-90.486	20.213
-90.486	20.213
-90.486	20.213
-90.487	20.213
-90.487	20.214
-90.488	20.214
-90.488	20.214
-90.488	20.214
-90.489	20.214
-90.489	20.215
-90.489	20.215
-90.489	20.215
-90.489	20.215
-90.489	20.216
-90.489	20.216
-90.489	20.216
-90.489	20.216
-90.489	20.216
-90.489	20.217
-90.488	20.217
-90.488	20.217
-90.488	20.218
-90.488	20.218
-90.488	20.218
-90.488	20.218
-90.488	20.219
-90.488	20.219
-90.488	20.219
-90.487	20.219
-90.487	20.219
-90.487	20.219
-90.487	20.22
-90.487	20.22
-90.487	20.22
-90.487	20.22
-90.487	20.22
-90.486	20.22
-90.486	20.22
-90.486	20.22
-90.486	20.22
-90.486	20.221
-90.487	20.221
-90.487	20.221
-90.487	20.221
-90.487	20.221
-90.487	20.221
-90.487	20.222
-90.488	20.223
-90.488	20.223
-90.488	20.224
-90.488	20.224
-90.488	20.225
-90.487	20.225
-90.487	20.225
-90.487	20.226
-90.487	20.226
-90.487	20.226
-90.487	20.226
-90.487	20.227
-90.487	20.227
-90.487	20.227
-90.487	20.227
-90.488	20.227
-90.488	20.228
-90.487	20.228
-90.488	20.228
-90.488	20.228
-90.488	20.228
-90.488	20.228
-90.488	20.229
-90.488	20.229
-90.488	20.229
-90.488	20.229
-90.488	20.23
-90.488	20.23
-90.488	20.23
-90.488	20.231
-90.488	20.232
-90.488	20.232
-90.488	20.233
-90.488	20.234
-90.488	20.234
-90.488	20.235
-90.488	20.236
-90.488	20.236
-90.488	20.237
-90.488	20.237
-90.488	20.238
-90.488	20.238
-90.488	20.239
-90.488	20.239
-90.488	20.24
-90.488	20.24
-90.488	20.24
-90.488	20.24
-90.489	20.241
-90.489	20.241
-90.489	20.241
-90.489	20.242
-90.489	20.242
-90.489	20.243
-90.489	20.243
-90.489	20.244
-90.489	20.244
-90.489	20.245
-90.489	20.245
-90.489	20.245
-90.489	20.245
-90.489	20.245
-90.489	20.246
-90.49	20.247
-90.489	20.247
-90.489	20.248
-90.489	20.248
-90.489	20.249
-90.489	20.249
-90.49	20.25
-90.491	20.252
-90.492	20.253
-90.493	20.254
-90.493	20.255
-90.493	20.256
-90.495	20.261
-90.495	20.267
-90.496	20.274
-90.496	20.283
-90.495	20.289
-90.493	20.294
-90.494	20.306
-90.493	20.317
-90.493	20.324
-90.492	20.329
-90.49	20.334
-90.489	20.339
-90.49	20.346
-90.492	20.351
-90.489	20.356
-90.49	20.361
-90.487	20.366
-90.484	20.37
-90.482	20.377
-90.479	20.381
-90.479	20.386
-90.48	20.392
-90.482	20.397
-90.48	20.401
-90.482	20.408
-90.478	20.412
-90.483	20.411
-90.483	20.42
-90.481	20.424
-90.484	20.429
-90.485	20.434
-90.482	20.44
-90.482	20.446
-90.479	20.45
-90.484	20.451
-90.488	20.457
-90.489	20.462
-90.484	20.463
-90.479	20.464
-90.475	20.461
-90.47	20.464
-90.467	20.467
-90.471	20.466
-90.477	20.468
-90.479	20.473
-90.484	20.472
-90.486	20.466
-90.491	20.464
-90.492	20.47
-90.495	20.476
-90.494	20.481
-90.496	20.486
-90.497	20.491
-90.495	20.5
-90.496	20.508
-90.496	20.518
-90.493	20.522
-90.492	20.527
-90.49	20.537
-90.489	20.547
-90.487	20.554
-90.484	20.56
-90.481	20.565
-90.478	20.57
-90.477	20.577
-90.474	20.582
-90.471	20.587
-90.472	20.592
-90.471	20.597
-90.468	20.602
-90.465	20.607
-90.463	20.611
-90.465	20.617
-90.463	20.622
-90.462	20.627
-90.458	20.634
-90.457	20.641
-90.454	20.646
-90.454	20.661
-90.452	20.666
-90.452	20.674
-90.45	20.681
-90.451	20.686
-90.451	20.691
-90.45	20.696
-90.448	20.701
-90.449	20.708
-90.448	20.713
-90.448	20.719
-90.453	20.717
-90.454	20.712
-90.456	20.707
-90.457	20.702
-90.457	20.697
-90.456	20.691
-90.461	20.694
-90.462	20.703
-90.46	20.708
-90.459	20.713
-90.456	20.718
-90.453	20.723
-90.45	20.727
-90.446	20.73
-90.443	20.734
-90.441	20.739
-90.438	20.743
-90.433	20.747
-90.426	20.748
-90.425	20.756
-90.42	20.761
-90.415	20.793
-90.418	20.787
-90.418	20.792
-90.419	20.799
-90.418	20.805
-90.418	20.81
-90.418	20.815
-90.416	20.82
-90.414	20.824
-90.412	20.829
-90.411	20.834
-90.409	20.839
-90.408	20.844
-90.407	20.849
-90.405	20.855
-90.404	20.861
-90.402	20.866
-90.397	20.871
-90.395	20.876
-90.393	20.88
-90.391	20.886
-90.389	20.892
-90.387	20.897
-90.385	20.901
-90.383	20.906
-90.382	20.911
-90.38	20.917
-90.378	20.922
-90.376	20.927
-90.375	20.932
-90.374	20.938
-90.372	20.946
-90.37	20.953
-90.368	20.958
-90.367	20.963
-90.365	20.968
-90.363	20.973
-90.36	20.978
-90.357	20.984
-90.352	20.991
-90.348	20.995
-90.346	21.003
-90.343	21.007
-90.335	21.015
-90.329	21.021
-90.324	21.024
-90.319	21.028
-90.315	21.031
-90.31	21.034
-90.304	21.037
-90.3	21.04
-90.296	21.043
-90.292	21.046
-90.285	21.052
-90.28	21.054
-90.276	21.057
-90.27	21.058
-90.266	21.061
-90.261	21.064
-90.256	21.067
-90.25	21.069
-90.244	21.072
-90.239	21.074
-90.234	21.077
-90.229	21.079
-90.224	21.081
-90.219	21.084
-90.214	21.087
-90.209	21.09
-90.204	21.092
-90.199	21.095
-90.194	21.098
-90.19	21.101
-90.186	21.105
-90.182	21.107
-90.175	21.112
-90.17	21.116
-90.165	21.118
-90.16	21.122
-90.154	21.126
-90.149	21.128
-90.145	21.131
-90.139	21.134
-90.133	21.137
-90.128	21.139
-90.123	21.142
-90.118	21.145
-90.113	21.148
-90.108	21.15
-90.103	21.153
-90.1	21.158
-90.094	21.158
-90.086	21.159
-90.08	21.16
-90.075	21.162
-90.067	21.162
-90.062	21.163
-90.057	21.164
-90.05	21.164
-90.043	21.166
-90.038	21.168
-90.03	21.17
-90.022	21.171
-90.017	21.172
-90.009	21.173
-90.003	21.175
-89.998	21.177
-89.993	21.179
-89.987	21.181
-89.982	21.184
-89.977	21.188
-89.972	21.191
-89.967	21.193
-89.961	21.197
-89.956	21.2
-89.951	21.202
-89.947	21.206
-89.941	21.21
-89.937	21.212
-89.932	21.216
-89.927	21.22
-89.922	21.222
-89.915	21.224
-89.91	21.227
-89.905	21.229
-89.9	21.232
-89.895	21.234
-89.89	21.236
-89.885	21.237
-89.88	21.238
-89.875	21.241
-89.87	21.243
-89.863	21.244
-89.857	21.246
-89.853	21.249
-89.846	21.248
-89.841	21.25
-89.835	21.251
-89.829	21.252
-89.824	21.254
-89.817	21.255
-89.812	21.256
-89.804	21.256
-89.799	21.258
-89.794	21.261
-89.787	21.262
-89.78	21.264
-89.775	21.267
-89.77	21.268
-89.764	21.27
-89.758	21.271
-89.753	21.272
-89.747	21.272
-89.74	21.274
-89.735	21.275
-89.73	21.277
-89.723	21.279
-89.718	21.28
-89.713	21.282
-89.705	21.283
-89.695	21.285
-89.689	21.287
-89.683	21.288
-89.676	21.29
-89.67	21.292
-89.664	21.294
-89.654	21.295
-89.649	21.294
-89.638	21.294
-89.629	21.295
-89.623	21.296
-89.613	21.297
-89.603	21.297
-89.597	21.298
-89.591	21.299
-89.585	21.3
-89.58	21.302
-89.575	21.302
-89.568	21.304
-89.562	21.306
-89.557	21.309
-89.548	21.31
-89.539	21.31
-89.534	21.312
-89.529	21.313
-89.523	21.314
-89.516	21.314
-89.511	21.317
-89.505	21.317
-89.499	21.319
-89.489	21.319
-89.481	21.32
-89.476	21.322
-89.469	21.323
-89.462	21.323
-89.457	21.325
-89.448	21.326
-89.442	21.327
-89.429	21.328
-89.424	21.33
-89.415	21.331
-89.41	21.332
-89.402	21.332
-89.395	21.333
-89.388	21.334
-89.38	21.334
-89.37	21.335
-89.358	21.335
-89.348	21.336
-89.343	21.337
-89.338	21.338
-89.333	21.338
-89.326	21.339
-89.32	21.341
-89.312	21.341
-89.307	21.343
-89.298	21.343
-89.293	21.345
-89.284	21.345
-89.278	21.346
-89.27	21.347
-89.258	21.347
-89.247	21.348
-89.238	21.349
-89.233	21.351
-89.227	21.352
-89.219	21.352
-89.208	21.352
-89.196	21.353
-89.186	21.354
-89.181	21.356
-89.175	21.357
-89.166	21.358
-89.159	21.358
-89.152	21.357
-89.147	21.356
-89.139	21.357
-89.134	21.357
-89.129	21.358
-89.123	21.36
-89.118	21.361
-89.109	21.362
-89.103	21.363
-89.097	21.364
-89.087	21.365
-89.081	21.367
-89.073	21.368
-89.062	21.369
-89.053	21.371
-89.047	21.372
-89.042	21.372
-89.035	21.374
-89.03	21.376
-89.022	21.376
-89.017	21.377
-89.008	21.377
-89.003	21.378
-88.999	21.381
-88.989	21.381
-88.984	21.383
-88.978	21.383
-88.973	21.384
-88.965	21.385
-88.955	21.387
-88.95	21.387
-88.944	21.388
-88.939	21.389
-88.927	21.389
-88.922	21.391
-88.917	21.392
-88.911	21.393
-88.901	21.395
-88.893	21.397
-88.888	21.398
-88.883	21.399
-88.872	21.4
-88.861	21.401
-88.855	21.402
-88.85	21.404
-88.843	21.405
-88.838	21.406
-88.832	21.408
-88.83	21.413
-88.825	21.415
-88.818	21.419
-88.813	21.421
-88.808	21.422
-88.803	21.423
-88.798	21.424
-88.79	21.424
-88.783	21.426
-88.775	21.428
-88.767	21.429
-88.755	21.428
-88.75	21.429
-88.745	21.431
-88.74	21.433
-88.735	21.435
-88.73	21.437
-88.724	21.438
-88.72	21.441
-88.714	21.443
-88.709	21.448
-88.703	21.45
-88.698	21.453
-88.668	21.473
-88.694	21.456
-88.692	21.461
-88.688	21.465
-88.683	21.469
-88.679	21.472
-88.674	21.474
-88.669	21.477
-88.665	21.481
-88.66	21.485
-88.655	21.488
-88.652	21.492
-88.647	21.497
-88.643	21.501
-88.637	21.507
-88.632	21.513
-88.628	21.517
-88.623	21.523
-88.618	21.525
-88.608	21.527
-88.603	21.527
-88.598	21.528
-88.593	21.529
-88.584	21.528
-88.579	21.529
-88.573	21.531
-88.568	21.53
-88.561	21.532
-88.556	21.534
-88.551	21.534
-88.546	21.536
-88.541	21.535
-88.531	21.535
-88.526	21.536
-88.521	21.538
-88.515	21.541
-88.509	21.543
-88.504	21.545
-88.498	21.547
-88.491	21.547
-88.485	21.549
-88.475	21.551
-88.47	21.553
-88.464	21.555
-88.456	21.555
-88.447	21.557
-88.442	21.559
-88.435	21.56
-88.43	21.562
-88.424	21.563
-88.419	21.565
-88.414	21.567
-88.407	21.568
-88.401	21.568
-88.394	21.569
-88.389	21.569
-88.383	21.57
-88.374	21.571
-88.369	21.568
-88.363	21.57
-88.358	21.568
-88.353	21.564
-88.347	21.563
-88.342	21.564
-88.337	21.559
-88.33	21.56
-88.325	21.558
-88.32	21.558
-88.314	21.558
-88.306	21.558
-88.3	21.558
-88.295	21.56
-88.288	21.56
-88.283	21.561
-88.276	21.566
-88.272	21.561
-88.266	21.562
-88.261	21.564
-88.256	21.567
-88.251	21.567
-88.246	21.566
-88.24	21.567
-88.234	21.57
-88.229	21.578
-88.223	21.584
-88.218	21.587
-88.212	21.591
-88.208	21.595
-88.203	21.598
-88.199	21.601
-88.194	21.603
-88.189	21.606
-88.184	21.608
-88.179	21.611
-88.175	21.613
-88.17	21.616
-88.165	21.619
-88.16	21.621
-88.154	21.623
-88.149	21.626
-88.143	21.628
-88.138	21.63
-88.122	21.63
-88.117	21.629
-88.111	21.628
-88.106	21.626
-88.102	21.624
-88.096	21.622
-88.09	21.621
-88.085	21.62
-88.08	21.618
-88.074	21.617
-88.063	21.616
-88.055	21.615
-88.049	21.614
-88.043	21.612
-88.036	21.612
-88.026	21.611
-88.02	21.611
-88.014	21.611
-88.004	21.61
-87.999	21.609
-87.993	21.608
-87.984	21.608
-87.966	21.608
-87.958	21.607
-87.953	21.605
-87.947	21.603
-87.942	21.602
-87.937	21.6
-87.932	21.597
-87.927	21.595
-87.922	21.593
-87.917	21.59
-87.912	21.588
-87.906	21.587
-87.899	21.585
-87.893	21.583
-87.887	21.581
-87.881	21.578
-87.876	21.575
-87.871	21.573
-87.867	21.571
-87.861	21.569
-87.855	21.566
-87.85	21.565
-87.845	21.563
-87.84	21.561
-87.835	21.559
-87.83	21.557
-87.825	21.556
-87.82	21.553
-87.814	21.552
-87.809	21.55
-87.803	21.548
-87.798	21.546
-87.792	21.544
-87.786	21.543
-87.78	21.542
-87.774	21.54
-87.767	21.538
-87.761	21.537
-87.756	21.536
-87.749	21.534
-87.743	21.533
-87.736	21.532
-87.73	21.531
-87.725	21.53
-87.719	21.529
-87.712	21.528
-87.707	21.527
-87.702	21.526
-87.696	21.524
-87.69	21.524
-87.682	21.523
-87.674	21.523
-87.666	21.522
-87.66	21.52
-87.652	21.518
-87.645	21.516
-87.64	21.516
-87.635	21.514
-87.631	21.512
-87.623	21.511
-87.618	21.508
-87.613	21.507
-87.607	21.506
-87.602	21.504
-87.594	21.503
-87.588	21.502
-87.583	21.501
-87.577	21.499
-87.571	21.497
-87.566	21.497
-87.561	21.495
-87.554	21.494
-87.548	21.492
-87.542	21.492
-87.535	21.492
-87.527	21.491
-87.515	21.491
-87.509	21.489
-87.503	21.488
-87.498	21.487
-87.488	21.486
-87.484	21.483
-87.483	21.475
-87.484	21.47
-87.485	21.464
-87.479	21.46
-87.472	21.459
-87.464	21.459
-87.46	21.462
-87.455	21.465
-87.449	21.466
-87.444	21.467
-87.438	21.468
-87.43	21.469
-87.426	21.466
-87.421	21.464
-87.413	21.463
-87.408	21.461
-87.401	21.459
-87.393	21.457
-87.386	21.457
-87.38	21.456
-87.375	21.453
-87.368	21.451
-87.358	21.45
-87.356	21.445
-87.352	21.441
-87.349	21.437
-87.344	21.434
-87.339	21.435
-87.333	21.435
-87.325	21.436
-87.322	21.442
-87.314	21.443
-87.308	21.442
-87.304	21.438
-87.298	21.438
-87.295	21.443
-87.288	21.441
-87.283	21.438
-87.278	21.436
-87.277	21.442
-87.271	21.44
-87.266	21.439
-87.264	21.444
-87.259	21.441
-87.253	21.439
-87.249	21.435
-87.246	21.43
-87.241	21.428
-87.24	21.423
-87.234	21.422
-87.234	21.427
-87.23	21.431
-87.227	21.425
-87.225	21.42
-87.225	21.426
-87.226	21.432
-87.225	21.437
-87.224	21.442
-87.22	21.446
-87.214	21.447
-87.208	21.448
-87.203	21.446
-87.195	21.443
-87.19	21.44
-87.189	21.435
-87.189	21.441
-87.187	21.448
-87.18	21.447
-87.175	21.451
-87.17	21.453
-87.167	21.459
-87.164	21.463
-87.157	21.466
-87.151	21.466
-87.147	21.462
-87.141	21.462
-87.135	21.462
-87.131	21.465
-87.128	21.469
-87.125	21.474
-87.121	21.47
-87.117	21.473
-87.115	21.478
-87.117	21.484
-87.116	21.489
-87.115	21.495
-87.115	21.501
-87.113	21.506
-87.113	21.511
